******************************
*                            *
*         Merge Sort         *
*                            *
******************************

Unsorted array from user: 
37 27 33 3 70 67 69 30 91 68 92 66 56 27 70 

After insertion sort: [27 33 37] 3 70 67 69 30 91 68 92 66 56 27 70 

After insertion sort: 27 33 37 [3 67 69 70] 30 91 68 92 66 56 27 70 

After merging: [3 27 33 37 67 69 70] 30 91 68 92 66 56 27 70 

After insertion sort: 3 27 33 37 67 69 70 [30 68 91 92] 66 56 27 70 

After insertion sort: 3 27 33 37 67 69 70 30 68 91 92 [27 56 66 70] 

After merging: 3 27 33 37 67 69 70 [27 30 56 66 68 70 91 92] 

After merging: [3 27 27 30 33 37 56 66 67 68 69 70 70 91 92] 

Sorted array: 
3 27 27 30 33 37 56 66 67 68 69 70 70 91 92 